0
4
6
3
6
3
6
6
8
6
5
8
5
8
6
0
6
3
6
6
6
6
10
12
9
9
9
11
9
11
6
6
6
6
5
8
9
9
9
11
6
10
6
12
9
8
11
8
5
8
6
0
9
11
6
6
9
8
11
8
3
9
11
3
6
6
9
9
5
8
9
11
6
10
9
8
6
12
11
8
5
8
9
11
6
0
6
6
9
8
3
9
11
8
11
3
8
10
9
8
9
8
3
9
10
4
8
10
8
10
11
8
6
12
11
8
11
8
11
3
6
10
11
6
11
6
9
4
4
9
6
10
6
10
10
6
3
10
8
9
8
9
12
6
6
10
10
6
10
6
4
10
9
3
8
9
8
9
10
6
3
10
8
9
9
3
8
9
6
6
2
6
11
9
8
5
8
9
12
6
8
9
10
6
11
9
8
5
9
9
6
6
3
10
9
3
8
9
8
9
6
6
11
9
2
6
8
5
8
9
8
9
12
6
10
6
11
9
9
9
8
5
6
6
6
6
11
9
11
9
9
9
12
10
6
6
6
6
3
6
2
6
8
5
8
5
6
6
6
6
3
6
3
6
4
0